-1.284026908874511719e+01 1.327905941009521484e+01 -8.343176841735839844e+00 -2.252692580223083496e-01 -8.415460586547851562e-02 -9.180778264999389648e-01 3.151265680789947510e-01
-1.282083797454833984e+01 1.341808795928955078e+01 -8.337738037109375000e+00 -2.259247303009033203e-01 -8.320567011833190918e-02 -9.178864359855651855e-01 3.154668509960174561e-01
-1.280289554595947266e+01 1.354877376556396484e+01 -8.332447052001953125e+00 -2.266402542591094971e-01 -8.185978233814239502e-02 -9.177275300025939941e-01 3.157675862312316895e-01
-1.278672695159912109e+01 1.367115688323974609e+01 -8.327274322509765625e+00 -2.273939549922943115e-01 -8.011400699615478516e-02 -9.176151752471923828e-01 3.160004019737243652e-01
-1.277170753479003906e+01 1.378515338897705078e+01 -8.322330474853515625e+00 -2.281637489795684814e-01 -7.796579599380493164e-02 -9.175615310668945312e-01 3.161381781101226807e-01
-1.275817108154296875e+01 1.389082241058349609e+01 -8.317588806152343750e+00 -2.289282977581024170e-01 -7.541246712207794189e-02 -9.175797700881958008e-01 3.161522448062896729e-01
-1.274565124511718750e+01 1.398809814453125000e+01 -8.313094139099121094e+00 -2.296654134988784790e-01 -7.245105504989624023e-02 -9.176815152168273926e-01 3.160145580768585205e-01
-1.273435497283935547e+01 1.407701587677001953e+01 -8.308855056762695312e+00 -2.303526997566223145e-01 -6.907910853624343872e-02 -9.178786277770996094e-01 3.156969249248504639e-01
-1.272414493560791016e+01 1.415755558013916016e+01 -8.304872512817382812e+00 -2.309703230857849121e-01 -6.530999392271041870e-02 -9.181748032569885254e-01 3.151862621307373047e-01
-1.271330070495605469e+01 1.424286365509033203e+01 -8.300649642944335938e+00 -2.315098941326141357e-01 -6.122301518917083740e-02 -9.185447692871093750e-01 3.145317435264587402e-01
-1.270198917388916016e+01 1.433294677734375000e+01 -8.296235084533691406e+00 -2.319653332233428955e-01 -5.691336840391159058e-02 -9.189577698707580566e-01 3.137984871864318848e-01
-1.269019031524658203e+01 1.442778491973876953e+01 -8.291639328002929688e+00 -2.323311120271682739e-01 -5.247740447521209717e-02 -9.193837642669677734e-01 3.130524754524230957e-01
-1.267782688140869141e+01 1.452735042572021484e+01 -8.286860466003417969e+00 -2.326024621725082397e-01 -4.801055416464805603e-02 -9.197947978973388672e-01 3.123597800731658936e-01
-1.266508293151855469e+01 1.463165473937988281e+01 -8.282003402709960938e+00 -2.327742278575897217e-01 -4.360919818282127380e-02 -9.201646447181701660e-01 3.117873370647430420e-01
-1.265185737609863281e+01 1.474066829681396484e+01 -8.277023315429687500e+00 -2.328428030014038086e-01 -3.936905413866043091e-02 -9.204687476158142090e-01 3.114023804664611816e-01
-1.263818359375000000e+01 1.485438728332519531e+01 -8.271968841552734375e+00 -2.328038662672042847e-01 -3.538620471954345703e-02 -9.206841588020324707e-01 3.112731873989105225e-01
-1.262570858001708984e+01 1.495939922332763672e+01 -8.267410278320312500e+00 -2.326541543006896973e-01 -3.175676241517066956e-02 -9.207885861396789551e-01 3.114674687385559082e-01
-1.261435794830322266e+01 1.505567550659179688e+01 -8.263246536254882812e+00 -2.323899418115615845e-01 -2.857725322246551514e-02 -9.207606911659240723e-01 3.120543658733367920e-01
-1.260443496704101562e+01 1.514323902130126953e+01 -8.259350776672363281e+00 -2.320083528757095337e-01 -2.594331651926040649e-02 -9.205793142318725586e-01 3.131017684936523438e-01
-1.259586143493652344e+01 1.522206306457519531e+01 -8.255786895751953125e+00 -2.315054088830947876e-01 -2.395093068480491638e-02 -9.202223420143127441e-01 3.146783709526062012e-01
-1.258841514587402344e+01 1.529212093353271484e+01 -8.252703666687011719e+00 -2.308772504329681396e-01 -2.269631996750831604e-02 -9.196660518646240234e-01 3.168515861034393311e-01
-1.258211421966552734e+01 1.535339546203613281e+01 -8.250117301940917969e+00 -2.301193028688430786e-01 -2.227500081062316895e-02 -9.188842773437500000e-01 3.196884393692016602e-01
-1.257719898223876953e+01 1.540589046478271484e+01 -8.247886657714843750e+00 -2.292258590459823608e-01 -2.278258278965950012e-02 -9.178469181060791016e-01 3.232545554637908936e-01
-1.257366657257080078e+01 1.544959163665771484e+01 -8.246046066284179688e+00 -2.281903177499771118e-01 -2.431445196270942688e-02 -9.165190458297729492e-01 3.276138305664062500e-01
-1.257124042510986328e+01 1.548445320129394531e+01 -8.244820594787597656e+00 -2.270041704177856445e-01 -2.696563303470611572e-02 -9.148593544960021973e-01 3.328278362751007080e-01
-1.256993103027343750e+01 1.551045417785644531e+01 -8.244223594665527344e+00 -2.256568223237991333e-01 -3.083040565252304077e-02 -9.128185510635375977e-01 3.389556109905242920e-01
-1.256974601745605469e+01 1.552756595611572266e+01 -8.244276046752929688e+00 -2.241355925798416138e-01 -3.600275516510009766e-02 -9.103378653526306152e-01 3.460520803928375244e-01
-1.257069110870361328e+01 1.553576183319091797e+01 -8.244994163513183594e+00 -2.224252671003341675e-01 -4.257540404796600342e-02 -9.073473811149597168e-01 3.541681170463562012e-01
-1.257275485992431641e+01 1.553500938415527344e+01 -8.246383666992187500e+00 -2.205140143632888794e-01 -5.059983581304550171e-02 -9.037781357765197754e-01 3.633156120777130127e-01
-1.257411098480224609e+01 1.554286861419677734e+01 -8.247628211975097656e+00 -2.184164822101593018e-01 -5.996869504451751709e-02 -8.996084332466125488e-01 3.733669221401214600e-01
-1.257470321655273438e+01 1.555933570861816406e+01 -8.248691558837890625e+00 -2.161550074815750122e-01 -7.053389400243759155e-02 -8.948314189910888672e-01 3.841597139835357666e-01
-1.257447719573974609e+01 1.558443069458007812e+01 -8.249539375305175781e+00 -2.137526422739028931e-01 -8.214604109525680542e-02 -8.894466757774353027e-01 3.955332338809967041e-01
-1.257338333129882812e+01 1.561815643310546875e+01 -8.250140190124511719e+00 -2.112353146076202393e-01 -9.465485811233520508e-02 -8.834611773490905762e-01 4.073282480239868164e-01
-1.257136917114257812e+01 1.566052913665771484e+01 -8.250457763671875000e+00 -2.086311280727386475e-01 -1.079099103808403015e-01 -8.768932223320007324e-01 4.193886220455169678e-01
-1.256890010833740234e+01 1.571160125732421875e+01 -8.250053405761718750e+00 -2.059711664915084839e-01 -1.217598021030426025e-01 -8.697726130485534668e-01 4.315622150897979736e-01
-1.256566905975341797e+01 1.577138614654541016e+01 -8.249103546142578125e+00 -2.032896429300308228e-01 -1.360541880130767822e-01 -8.621428012847900391e-01 4.437029361724853516e-01
-1.256150245666503906e+01 1.583991146087646484e+01 -8.247679710388183594e+00 -2.006240040063858032e-01 -1.506433784961700439e-01 -8.540616035461425781e-01 4.556703567504882812e-01
-1.255637264251708984e+01 1.591721916198730469e+01 -8.245748519897460938e+00 -1.980150043964385986e-01 -1.653795540332794189e-01 -8.456009626388549805e-01 4.673312604427337646e-01
-1.255036640167236328e+01 1.600335121154785156e+01 -8.243187904357910156e+00 -1.955067366361618042e-01 -1.801172494888305664e-01 -8.368478417396545410e-01 4.785607457160949707e-01
-1.254565620422363281e+01 1.608341598510742188e+01 -8.240082740783691406e+00 -1.931467205286026001e-01 -1.947140693664550781e-01 -8.279031515121459961e-01 4.892412722110748291e-01
-1.254120254516601562e+01 1.615742874145507812e+01 -8.237267494201660156e+00 -1.909846216440200806e-01 -2.090306580066680908e-01 -8.188810944557189941e-01 4.992643594741821289e-01
-1.253700065612792969e+01 1.622544860839843750e+01 -8.234717369079589844e+00 -1.890735924243927002e-01 -2.229319512844085693e-01 -8.099079728126525879e-01 5.085288286209106445e-01
-1.253305530548095703e+01 1.628753662109375000e+01 -8.232412338256835938e+00 -1.874687671661376953e-01 -2.362868487834930420e-01 -8.011210560798645020e-01 5.169420242309570312e-01
-1.252938079833984375e+01 1.634374427795410156e+01 -8.230337142944335938e+00 -1.862274706363677979e-01 -2.489684224128723145e-01 -7.926660180091857910e-01 5.244182348251342773e-01
-1.252648925781250000e+01 1.639414787292480469e+01 -8.228043556213378906e+00 -1.854082047939300537e-01 -2.608536779880523682e-01 -7.846957445144653320e-01 5.308781862258911133e-01
-1.252399158477783203e+01 1.643879318237304688e+01 -8.225874900817871094e+00 -1.850709319114685059e-01 -2.718229293823242188e-01 -7.773676514625549316e-01 5.362467169761657715e-01
-1.252173519134521484e+01 1.647774124145507812e+01 -8.223968505859375000e+00 -1.852767765522003174e-01 -2.817598879337310791e-01 -7.708409428596496582e-01 5.404517054557800293e-01
-1.251974487304687500e+01 1.651105880737304688e+01 -8.222317695617675781e+00 -1.860866546630859375e-01 -2.905496358871459961e-01 -7.652747035026550293e-01 5.434218645095825195e-01
-1.251803588867187500e+01 1.653878402709960938e+01 -8.220923423767089844e+00 -1.875444352626800537e-01 -2.981113791465759277e-01 -7.607936859130859375e-01 5.451142191886901855e-01
-1.251662826538085938e+01 1.656089973449707031e+01 -8.219804763793945312e+00 -1.896264553070068359e-01 -3.044965863227844238e-01 -7.573942542076110840e-01 5.455982089042663574e-01
-1.251554393768310547e+01 1.657739448547363281e+01 -8.218986511230468750e+00 -1.922892481088638306e-01 -3.097863793373107910e-01 -7.550297379493713379e-01 5.449653267860412598e-01
-1.251478767395019531e+01 1.658823776245117188e+01 -8.218488693237304688e+00 -1.954868137836456299e-01 -3.140576481819152832e-01 -7.536436915397644043e-01 5.432990789413452148e-01
-1.251436996459960938e+01 1.659349250793457031e+01 -8.218224525451660156e+00 -1.994860321283340454e-01 -3.169460892677307129e-01 -7.533549070358276367e-01 5.405615568161010742e-01
-1.251422119140625000e+01 1.659449958801269531e+01 -8.217971801757812500e+00 -2.046850323677062988e-01 -3.178834915161132812e-01 -7.543649673461914062e-01 5.366446971893310547e-01
-1.251360225677490234e+01 1.660195732116699219e+01 -8.217260360717773438e+00 -2.099488675594329834e-01 -3.184413909912109375e-01 -7.559610605239868164e-01 5.320144295692443848e-01
-1.251251220703125000e+01 1.661584472656250000e+01 -8.216091156005859375e+00 -2.152653038501739502e-01 -3.186367750167846680e-01 -7.580803036689758301e-01 5.267311334609985352e-01
-1.251094913482666016e+01 1.663613700866699219e+01 -8.214461326599121094e+00 -2.206223160028457642e-01 -3.184893131256103516e-01 -7.606586217880249023e-01 5.208538770675659180e-01
-1.250891113281250000e+01 1.666281127929687500e+01 -8.212371826171875000e+00 -2.260073125362396240e-01 -3.180195689201354980e-01 -7.636331915855407715e-01 5.144401192665100098e-01
-1.250639724731445312e+01 1.669584655761718750e+01 -8.209819793701171875e+00 -2.314063906669616699e-01 -3.172499537467956543e-01 -7.669409513473510742e-01 5.075479745864868164e-01
-1.250340938568115234e+01 1.673521614074707031e+01 -8.206806182861328125e+00 -2.368056327104568481e-01 -3.162035346031188965e-01 -7.705216407775878906e-01 5.002347230911254883e-01
-1.249994277954101562e+01 1.678089714050292969e+01 -8.203330039978027344e+00 -2.421893924474716187e-01 -3.149043917655944824e-01 -7.743163108825683594e-01 4.925585091114044189e-01
-1.249652194976806641e+01 1.683286285400390625e+01 -8.198932647705078125e+00 -2.475411742925643921e-01 -3.133770227432250977e-01 -7.782686948776245117e-01 4.845781624317169189e-01
-1.249276256561279297e+01 1.689109039306640625e+01 -8.193952560424804688e+00 -2.528435587882995605e-01 -3.116469979286193848e-01 -7.823255062103271484e-01 4.763540625572204590e-01
-1.248860836029052734e+01 1.695556640625000000e+01 -8.188444137573242188e+00 -2.580778598785400391e-01 -3.097401261329650879e-01 -7.864365577697753906e-01 4.679469466209411621e-01
-1.248406505584716797e+01 1.702626419067382812e+01 -8.182405471801757812e+00 -2.632240653038024902e-01 -3.076828718185424805e-01 -7.905554175376892090e-01 4.594195485115051270e-01
-1.247914028167724609e+01 1.710316276550292969e+01 -8.175835609436035156e+00 -2.682610154151916504e-01 -3.055022358894348145e-01 -7.946392297744750977e-01 4.508357942104339600e-01
-1.247384262084960938e+01 1.718624496459960938e+01 -8.168738365173339844e+00 -2.731665968894958496e-01 -3.032259345054626465e-01 -7.986485362052917480e-01 4.422608911991119385e-01
-1.246818256378173828e+01 1.727548980712890625e+01 -8.161108970642089844e+00 -2.779175937175750732e-01 -3.008825182914733887e-01 -8.025472164154052734e-01 4.337620735168457031e-01
-1.246291637420654297e+01 1.737093544006347656e+01 -8.152317047119140625e+00 -2.810279130935668945e-01 -2.979795336723327637e-01 -8.070094585418701172e-01 4.254024624824523926e-01
-1.245752334594726562e+01 1.747250938415527344e+01 -8.142786979675292969e+00 -2.840448617935180664e-01 -2.951050400733947754e-01 -8.112955689430236816e-01 4.171701669692993164e-01
-1.245184993743896484e+01 1.758022117614746094e+01 -8.132662773132324219e+00 -2.869725823402404785e-01 -2.922587394714355469e-01 -8.154139518737792969e-01 4.090618193149566650e-01
-1.244589900970458984e+01 1.769407844543457031e+01 -8.121942520141601562e+00 -2.898140251636505127e-01 -2.894413173198699951e-01 -8.193711042404174805e-01 4.010763466358184814e-01
-1.243967151641845703e+01 1.781407356262207031e+01 -8.110628128051757812e+00 -2.925720214843750000e-01 -2.866532504558563232e-01 -8.231737017631530762e-01 3.932129144668579102e-01
-1.243391609191894531e+01 1.794017982482910156e+01 -8.098035812377929688e+00 -2.952495217323303223e-01 -2.838946580886840820e-01 -8.268280029296875000e-01 3.854697048664093018e-01
-1.242834091186523438e+01 1.807240104675292969e+01 -8.084431648254394531e+00 -2.978487610816955566e-01 -2.811664938926696777e-01 -8.303392529487609863e-01 3.778468966484069824e-01
-1.242255496978759766e+01 1.821077346801757812e+01 -8.070179939270019531e+00 -3.003721237182617188e-01 -2.784690856933593750e-01 -8.337127566337585449e-01 3.703436255455017090e-01
-1.241655731201171875e+01 1.835528945922851562e+01 -8.055280685424804688e+00 -3.028218448162078857e-01 -2.758031487464904785e-01 -8.369537591934204102e-01 3.629598021507263184e-01
-1.241038894653320312e+01 1.850594902038574219e+01 -8.039695739746093750e+00 -3.051998913288116455e-01 -2.731693387031555176e-01 -8.400669097900390625e-01 3.556953072547912598e-01
-1.240529727935791016e+01 1.864766311645507812e+01 -8.024251937866210938e+00 -3.075084090232849121e-01 -2.705680429935455322e-01 -8.430567979812622070e-01 3.485494256019592285e-01
-1.240044403076171875e+01 1.878050231933593750e+01 -8.009780883789062500e+00 -3.097495734691619873e-01 -2.679993808269500732e-01 -8.459284305572509766e-01 3.415209054946899414e-01
-1.239583110809326172e+01 1.890446090698242188e+01 -7.996282577514648438e+00 -3.119254708290100098e-01 -2.654636204242706299e-01 -8.486862182617187500e-01 3.346087336540222168e-01
-1.239145946502685547e+01 1.901953887939453125e+01 -7.983757972717285156e+00 -3.140386343002319336e-01 -2.629604339599609375e-01 -8.513352274894714355e-01 3.278105556964874268e-01
-1.238733005523681641e+01 1.912574577331542969e+01 -7.972206115722656250e+00 -3.160913288593292236e-01 -2.604894042015075684e-01 -8.538800477981567383e-01 3.211234807968139648e-01
-1.238355541229248047e+01 1.922307014465332031e+01 -7.961502075195312500e+00 -3.180864453315734863e-01 -2.580493688583374023e-01 -8.563258051872253418e-01 3.145434856414794922e-01
-1.238025093078613281e+01 1.931149864196777344e+01 -7.951511859893798828e+00 -3.200266361236572266e-01 -2.556392252445220947e-01 -8.586773872375488281e-01 3.080658316612243652e-01
-1.237715530395507812e+01 1.939105987548828125e+01 -7.942533016204833984e+00 -3.219152092933654785e-01 -2.532568573951721191e-01 -8.609402179718017578e-01 3.016840815544128418e-01
-1.237426567077636719e+01 1.946176528930664062e+01 -7.934566497802734375e+00 -3.237556219100952148e-01 -2.508999109268188477e-01 -8.631199002265930176e-01 2.953905463218688965e-01
-1.237158775329589844e+01 1.952360343933105469e+01 -7.927611351013183594e+00 -3.255514204502105713e-01 -2.485653460025787354e-01 -8.652215600013732910e-01 2.891763746738433838e-01
-1.236866092681884766e+01 1.957712936401367188e+01 -7.921278953552246094e+00 -3.262026906013488770e-01 -2.431910783052444458e-01 -8.689076304435729980e-01 2.818675935268402100e-01
-1.236585903167724609e+01 1.962186050415039062e+01 -7.915879726409912109e+00 -3.267294168472290039e-01 -2.373815029859542847e-01 -8.726872801780700684e-01 2.744354009628295898e-01
-1.236319351196289062e+01 1.965777587890625000e+01 -7.911423206329345703e+00 -3.271254897117614746e-01 -2.311981171369552612e-01 -8.765276074409484863e-01 2.668999135494232178e-01
-1.236066627502441406e+01 1.968486785888671875e+01 -7.907916545867919922e+00 -3.273847699165344238e-01 -2.247033417224884033e-01 -8.803976774215698242e-01 2.592825293540954590e-01
-1.235828971862792969e+01 1.970312118530273438e+01 -7.905368328094482422e+00 -3.275027275085449219e-01 -2.179600596427917480e-01 -8.842681646347045898e-01 2.516050338745117188e-01
-1.235607051849365234e+01 1.971252632141113281e+01 -7.903789043426513672e+00 -3.274745047092437744e-01 -2.110318541526794434e-01 -8.881124258041381836e-01 2.438899129629135132e-01
-1.235364818572998047e+01 1.972887802124023438e+01 -7.901375770568847656e+00 -3.272970914840698242e-01 -2.039829939603805542e-01 -8.919056057929992676e-01 2.361606061458587646e-01
-1.235103607177734375e+01 1.975217056274414062e+01 -7.898138046264648438e+00 -3.269682824611663818e-01 -1.968783289194107056e-01 -8.956255912780761719e-01 2.284413278102874756e-01
-1.234832477569580078e+01 1.977898597717285156e+01 -7.894478797912597656e+00 -3.264866173267364502e-01 -1.897833645343780518e-01 -8.992526531219482422e-01 2.207567989826202393e-01
-1.234552383422851562e+01 1.980932235717773438e+01 -7.890408039093017578e+00 -3.258514106273651123e-01 -1.827637851238250732e-01 -9.027695655822753906e-01 2.131321877241134644e-01
-1.234264469146728516e+01 1.984316825866699219e+01 -7.885939598083496094e+00 -3.250632882118225098e-01 -1.758860200643539429e-01 -9.061617255210876465e-01 2.055935859680175781e-01
-1.233970165252685547e+01 1.988052177429199219e+01 -7.881084442138671875e+00 -3.241235613822937012e-01 -1.692167520523071289e-01 -9.094170331954956055e-01 1.981675475835800171e-01
-1.233670711517333984e+01 1.992137145996093750e+01 -7.875856876373291016e+00 -3.230342566967010498e-01 -1.628228425979614258e-01 -9.125251173973083496e-01 1.908808052539825439e-01
-1.233374404907226562e+01 1.996570968627929688e+01 -7.870170593261718750e+00 -3.217982947826385498e-01 -1.567714512348175049e-01 -9.154782891273498535e-01 1.837606728076934814e-01
-1.233080291748046875e+01 2.001353645324707031e+01 -7.864070415496826172e+00 -3.204193115234375000e-01 -1.511298716068267822e-01 -9.182705283164978027e-01 1.768346279859542847e-01
-1.232785892486572266e+01 2.006485366821289062e+01 -7.857624530792236328e+00 -3.189009428024291992e-01 -1.459654569625854492e-01 -9.208973050117492676e-01 1.701307296752929688e-01
-1.232492446899414062e+01 2.011965942382812500e+01 -7.850848674774169922e+00 -3.172477185726165771e-01 -1.413453668355941772e-01 -9.233555197715759277e-01 1.636762619018554688e-01
-1.232201099395751953e+01 2.017795944213867188e+01 -7.843756675720214844e+00 -3.154645562171936035e-01 -1.373368054628372192e-01 -9.256429672241210938e-01 1.574988961219787598e-01
-1.231913566589355469e+01 2.023974227905273438e+01 -7.836362838745117188e+00 -3.135558962821960449e-01 -1.340070664882659912e-01 -9.277576208114624023e-01 1.516267955303192139e-01
-1.231630706787109375e+01 2.030501747131347656e+01 -7.828681945800781250e+00 -3.115260303020477295e-01 -1.314228475093841553e-01 -9.296978712081909180e-01 1.460867375135421753e-01
-1.231353378295898438e+01 2.037377929687500000e+01 -7.820724964141845703e+00 -3.093811571598052979e-01 -1.296305805444717407e-01 -9.314647316932678223e-01 1.408992111682891846e-01
-1.231081295013427734e+01 2.044604110717773438e+01 -7.812483787536621094e+00 -3.071311414241790771e-01 -1.285938024520874023e-01 -9.330717325210571289e-01 1.360554695129394531e-01
-1.230813694000244141e+01 2.052181053161621094e+01 -7.803949832916259766e+00 -3.047874271869659424e-01 -1.282555609941482544e-01 -9.345331788063049316e-01 1.315399259328842163e-01
-1.230549812316894531e+01 2.060109138488769531e+01 -7.795110702514648438e+00 -3.023601174354553223e-01 -1.285582482814788818e-01 -9.358615875244140625e-01 1.273360848426818848e-01
-1.230290985107421875e+01 2.068388938903808594e+01 -7.785906314849853516e+00 -2.998583614826202393e-01 -1.294442713260650635e-01 -9.370670914649963379e-01 1.234278231859207153e-01
-1.230044364929199219e+01 2.077018547058105469e+01 -7.776152610778808594e+00 -2.972918748855590820e-01 -1.308556348085403442e-01 -9.381591081619262695e-01 1.197982728481292725e-01
-1.229799556732177734e+01 2.086001205444335938e+01 -7.766048908233642578e+00 -2.946692407131195068e-01 -1.327342838048934937e-01 -9.391462206840515137e-01 1.164305061101913452e-01
-1.229555606842041016e+01 2.095337104797363281e+01 -7.755582332611083984e+00 -2.919993996620178223e-01 -1.350219845771789551e-01 -9.400355219841003418e-01 1.133074462413787842e-01
-1.229311943054199219e+01 2.105027008056640625e+01 -7.744740486145019531e+00 -2.892904579639434814e-01 -1.376605629920959473e-01 -9.408345818519592285e-01 1.104122996330261230e-01
-1.229067611694335938e+01 2.115071678161621094e+01 -7.733512401580810547e+00 -2.865509986877441406e-01 -1.405916810035705566e-01 -9.415504336357116699e-01 1.077275350689888000e-01
-1.228821659088134766e+01 2.125471115112304688e+01 -7.721885681152343750e+00 -2.837899625301361084e-01 -1.437573283910751343e-01 -9.421901702880859375e-01 1.052368432283401489e-01
-1.228573417663574219e+01 2.136225509643554688e+01 -7.709848403930664062e+00 -2.810153663158416748e-01 -1.470990777015686035e-01 -9.427614212036132812e-01 1.029225587844848633e-01
-1.228326416015625000e+01 2.147332191467285156e+01 -7.697094440460205078e+00 -2.782363295555114746e-01 -1.505589336156845093e-01 -9.432721138000488281e-01 1.007680445909500122e-01
-1.228076171875000000e+01 2.158794784545898438e+01 -7.683854579925537109e+00 -2.754618525505065918e-01 -1.540789008140563965e-01 -9.437307119369506836e-01 9.875645488500595093e-02
-1.227821540832519531e+01 2.170614433288574219e+01 -7.670157432556152344e+00 -2.727005183696746826e-01 -1.576009094715118408e-01 -9.441463947296142578e-01 9.687072783708572388e-02
-1.227561759948730469e+01 2.182790946960449219e+01 -7.655988693237304688e+00 -2.699622511863708496e-01 -1.610674560070037842e-01 -9.445287585258483887e-01 9.509465098381042480e-02
-1.227296352386474609e+01 2.195325660705566406e+01 -7.641338348388671875e+00 -2.672563195228576660e-01 -1.644206941127777100e-01 -9.448884725570678711e-01 9.341102838516235352e-02
-1.227021312713623047e+01 2.208217239379882812e+01 -7.626065731048583984e+00 -2.645923793315887451e-01 -1.676032245159149170e-01 -9.452365040779113770e-01 9.180396050214767456e-02
-1.226732540130615234e+01 2.221463966369628906e+01 -7.609994411468505859e+00 -2.619805634021759033e-01 -1.705576032400131226e-01 -9.455844163894653320e-01 9.025649726390838623e-02
-1.226435661315917969e+01 2.235070991516113281e+01 -7.593392372131347656e+00 -2.594306170940399170e-01 -1.732265949249267578e-01 -9.459444880485534668e-01 8.875246345996856689e-02
-1.226130390167236328e+01 2.249038314819335938e+01 -7.576249599456787109e+00 -2.569554448127746582e-01 -1.755651086568832397e-01 -9.463258981704711914e-01 8.728149533271789551e-02
-1.225817203521728516e+01 2.263365745544433594e+01 -7.558568000793457031e+00 -2.545788586139678955e-01 -1.775752156972885132e-01 -9.467236399650573730e-01 8.585478365421295166e-02
-1.225447463989257812e+01 2.278060340881347656e+01 -7.539531230926513672e+00 -2.524531781673431396e-01 -1.778656542301177979e-01 -9.473941922187805176e-01 8.411541581153869629e-02
-1.225084781646728516e+01 2.292161560058593750e+01 -7.521081447601318359e+00 -2.505041956901550293e-01 -1.775180548429489136e-01 -9.481295347213745117e-01 8.237269520759582520e-02
-1.224740695953369141e+01 2.305662727355957031e+01 -7.503411293029785156e+00 -2.487003803253173828e-01 -1.772166788578033447e-01 -9.487941265106201172e-01 8.082059025764465332e-02
-1.224403762817382812e+01 2.318563270568847656e+01 -7.486401081085205078e+00 -2.470719367265701294e-01 -1.769611984491348267e-01 -9.493812918663024902e-01 7.946985960006713867e-02
-1.224029159545898438e+01 2.330854606628417969e+01 -7.469604492187500000e+00 -2.456480115652084351e-01 -1.767511665821075439e-01 -9.498842954635620117e-01 7.833133637905120850e-02
-1.223677825927734375e+01 2.342546844482421875e+01 -7.453614234924316406e+00 -2.444582283496856689e-01 -1.765866130590438843e-01 -9.502967596054077148e-01 7.741618156433105469e-02
-1.223349666595458984e+01 2.353640174865722656e+01 -7.438432216644287109e+00 -2.435311824083328247e-01 -1.764676868915557861e-01 -9.506118893623352051e-01 7.673646509647369385e-02
-1.223040390014648438e+01 2.364123916625976562e+01 -7.423336505889892578e+00 -2.428950965404510498e-01 -1.763951927423477173e-01 -9.508228898048400879e-01 7.630485296249389648e-02
-1.222753143310546875e+01 2.374003410339355469e+01 -7.408709049224853516e+00 -2.425778955221176147e-01 -1.763701140880584717e-01 -9.509221315383911133e-01 7.613424211740493774e-02
-1.222491073608398438e+01 2.383284950256347656e+01 -7.394950389862060547e+00 -2.426064163446426392e-01 -1.763943582773208618e-01 -9.509020447731018066e-01 7.623910903930664062e-02
-1.222283649444580078e+01 2.391959190368652344e+01 -7.381484985351562500e+00 -2.430069297552108765e-01 -1.764700710773468018e-01 -9.507539868354797363e-01 7.663357257843017578e-02
-1.222152805328369141e+01 2.400020790100097656e+01 -7.367887020111083984e+00 -2.438057959079742432e-01 -1.766004413366317749e-01 -9.504686594009399414e-01 7.733342051506042480e-02
-1.222042655944824219e+01 2.407485008239746094e+01 -7.355268478393554688e+00 -2.450280487537384033e-01 -1.767894625663757324e-01 -9.500352740287780762e-01 7.835510373115539551e-02
-1.221993541717529297e+01 2.414344596862792969e+01 -7.343198299407958984e+00 -2.466975450515747070e-01 -1.770421713590621948e-01 -9.494428634643554688e-01 7.971587032079696655e-02
-1.222119331359863281e+01 2.420576286315917969e+01 -7.330439090728759766e+00 -2.488380223512649536e-01 -1.773646622896194458e-01 -9.486779570579528809e-01 8.143403381109237671e-02
-1.222235488891601562e+01 2.426225852966308594e+01 -7.318602561950683594e+00 -2.515750825405120850e-01 -1.765936911106109619e-01 -9.479448199272155762e-01 8.321814239025115967e-02
-1.222350692749023438e+01 2.431287956237792969e+01 -7.307751178741455078e+00 -2.548999488353729248e-01 -1.751627922058105469e-01 -9.471464753150939941e-01 8.518991619348526001e-02
-1.222759723663330078e+01 2.435691833496093750e+01 -7.295761585235595703e+00 -2.587879002094268799e-01 -1.736493110656738281e-01 -9.461585283279418945e-01 8.751390129327774048e-02
-1.223132324218750000e+01 2.439511680603027344e+01 -7.285209655761718750e+00 -2.632451057434082031e-01 -1.720686852931976318e-01 -9.449641704559326172e-01 9.020431339740753174e-02
-1.223468494415283203e+01 2.442746543884277344e+01 -7.276102066040039062e+00 -2.682083249092102051e-01 -1.704498678445816040e-01 -9.435636401176452637e-01 9.326615929603576660e-02
-1.223787403106689453e+01 2.445390319824218750e+01 -7.268330097198486328e+00 -2.735978662967681885e-01 -1.688251942396163940e-01 -9.419611096382141113e-01 9.670211374759674072e-02
-1.224272537231445312e+01 2.447385978698730469e+01 -7.260820865631103516e+00 -2.793331444263458252e-01 -1.672273427248001099e-01 -9.401621222496032715e-01 1.005150228738784790e-01
-1.224658012390136719e+01 2.448814964294433594e+01 -7.255147457122802734e+00 -2.853347957134246826e-01 -1.656889915466308594e-01 -9.381723403930664062e-01 1.047075912356376648e-01
-1.224943447113037109e+01 2.449676513671875000e+01 -7.251316547393798828e+00 -2.915228903293609619e-01 -1.642432510852813721e-01 -9.359998703002929688e-01 1.092829257249832153e-01
-1.225128841400146484e+01 2.449970245361328125e+01 -7.249337673187255859e+00 -2.978184223175048828e-01 -1.629232764244079590e-01 -9.336533546447753906e-01 1.142436116933822632e-01
-1.225432491302490234e+01 2.450823974609375000e+01 -7.245467185974121094e+00 -3.041419982910156250e-01 -1.617625802755355835e-01 -9.311434030532836914e-01 1.195926517248153687e-01
-1.225854015350341797e+01 2.452236366271972656e+01 -7.239714622497558594e+00 -3.104159832000732422e-01 -1.607948094606399536e-01 -9.284816980361938477e-01 1.253330707550048828e-01
-1.226393508911132812e+01 2.454207420349121094e+01 -7.232086658477783203e+00 -3.165616393089294434e-01 -1.600539684295654297e-01 -9.256823658943176270e-01 1.314677745103836060e-01
-1.227078914642333984e+01 2.456724548339843750e+01 -7.222481727600097656e+00 -3.225018382072448730e-01 -1.595740914344787598e-01 -9.227591753005981445e-01 1.380001306533813477e-01
-1.228239631652832031e+01 2.459651374816894531e+01 -7.209532260894775391e+00 -3.281594514846801758e-01 -1.593893170356750488e-01 -9.197288155555725098e-01 1.449329406023025513e-01
-1.229588031768798828e+01 2.463105583190917969e+01 -7.194449901580810547e+00 -3.334577083587646484e-01 -1.595339328050613403e-01 -9.166073203086853027e-01 1.522695422172546387e-01
-1.231133651733398438e+01 2.467082023620605469e+01 -7.177227020263671875e+00 -3.383204042911529541e-01 -1.600421667098999023e-01 -9.134120345115661621e-01 1.600131690502166748e-01
-1.233272933959960938e+01 2.471394538879394531e+01 -7.157087802886962891e+00 -3.426711559295654297e-01 -1.609481424093246460e-01 -9.101604223251342773e-01 1.681667268276214600e-01
-1.235648536682128906e+01 2.476208686828613281e+01 -7.134753227233886719e+00 -3.464342057704925537e-01 -1.622860282659530640e-01 -9.068691134452819824e-01 1.767336726188659668e-01
-1.238389301300048828e+01 2.481480598449707031e+01 -7.110593795776367188e+00 -3.495333790779113770e-01 -1.640893369913101196e-01 -9.035543203353881836e-01 1.857165247201919556e-01
-1.241468524932861328e+01 2.487217712402343750e+01 -7.084548950195312500e+00 -3.518919646739959717e-01 -1.663914918899536133e-01 -9.002303481101989746e-01 1.951182186603546143e-01
-1.244833087921142578e+01 2.493437194824218750e+01 -7.056489944458007812e+00 -3.534337580204010010e-01 -1.692251861095428467e-01 -8.969094753265380859e-01 2.049407064914703369e-01
-1.248566150665283203e+01 2.500105857849121094e+01 -7.026676654815673828e+00 -3.540812432765960693e-01 -1.726226508617401123e-01 -8.936010003089904785e-01 2.151861637830734253e-01
-1.252558803558349609e+01 2.507264137268066406e+01 -6.994896888732910156e+00 -3.521037101745605469e-01 -1.763360500335693359e-01 -8.910345435142517090e-01 2.258003056049346924e-01
-1.256899642944335938e+01 2.514876174926757812e+01 -6.961291313171386719e+00 -3.499006330966949463e-01 -1.806576699018478394e-01 -8.881767392158508301e-01 2.367997020483016968e-01
-1.261515235900878906e+01 2.522970581054687500e+01 -6.925645828247070312e+00 -3.474674224853515625e-01 -1.855399310588836670e-01 -8.850355744361877441e-01 2.480994462966918945e-01
-1.266432666778564453e+01 2.531536102294921875e+01 -6.888049125671386719e+00 -3.448012769222259521e-01 -1.909317225217819214e-01 -8.816209435462951660e-01 2.596178948879241943e-01
-1.271625137329101562e+01 2.540583038330078125e+01 -6.848422050476074219e+00 -3.419023156166076660e-01 -1.967785209417343140e-01 -8.779462575912475586e-01 2.712772488594055176e-01
-1.277814579010009766e+01 2.549743843078613281e+01 -6.808123588562011719e+00 -3.387736380100250244e-01 -2.030224949121475220e-01 -8.740271329879760742e-01 2.830031216144561768e-01
-1.284439659118652344e+01 2.559303474426269531e+01 -6.766087532043457031e+00 -3.354227542877197266e-01 -2.096025943756103516e-01 -8.698828220367431641e-01 2.947238385677337646e-01
-1.291363048553466797e+01 2.569332504272460938e+01 -6.722127437591552734e+00 -3.304361999034881592e-01 -2.161092162132263184e-01 -8.661668300628662109e-01 3.063718378543853760e-01
-1.298789596557617188e+01 2.579706001281738281e+01 -6.676496982574462891e+00 -3.249583542346954346e-01 -2.227155119180679321e-01 -8.624087572097778320e-01 3.178849518299102783e-01
-1.306854915618896484e+01 2.590340232849121094e+01 -6.629396438598632812e+00 -3.191803097724914551e-01 -2.293914854526519775e-01 -8.585637807846069336e-01 3.291985988616943359e-01
-1.315545749664306641e+01 2.601231193542480469e+01 -6.580843925476074219e+00 -3.131848871707916260e-01 -2.360829710960388184e-01 -8.546404242515563965e-01 3.402494788169860840e-01
-1.324887084960937500e+01 2.611369132995605469e+01 -6.534669876098632812e+00 -3.070569932460784912e-01 -2.427372336387634277e-01 -8.506528139114379883e-01 3.509764969348907471e-01
-1.335361671447753906e+01 2.620492362976074219e+01 -6.499925613403320312e+00 -3.008830845355987549e-01 -2.493028044700622559e-01 -8.466199040412902832e-01 3.613199591636657715e-01
-1.346852302551269531e+01 2.628578376770019531e+01 -6.484351158142089844e+00 -2.947513759136199951e-01 -2.557303309440612793e-01 -8.425655961036682129e-01 3.712235391139984131e-01
-1.358427715301513672e+01 2.635272216796875000e+01 -6.518234729766845703e+00 -2.887509763240814209e-01 -2.619715332984924316e-01 -8.385183215141296387e-01 3.806322216987609863e-01
-1.369262886047363281e+01 2.641632270812988281e+01 -6.571759700775146484e+00 -2.829720079898834229e-01 -2.679797112941741943e-01 -8.345110416412353516e-01 3.894932568073272705e-01
-1.378675842285156250e+01 2.647968864440917969e+01 -6.645129203796386719e+00 -2.775061428546905518e-01 -2.737100124359130859e-01 -8.305801153182983398e-01 3.977560400962829590e-01
-1.387597846984863281e+01 2.654404258728027344e+01 -6.719448089599609375e+00 -2.724445462226867676e-01 -2.791185975074768066e-01 -8.267648816108703613e-01 4.053720235824584961e-01
-1.395793342590332031e+01 2.661051750183105469e+01 -6.795954227447509766e+00 -2.678795754909515381e-01 -2.841632366180419922e-01 -8.231068253517150879e-01 4.122945666313171387e-01
-1.403679084777832031e+01 2.667667198181152344e+01 -6.872056961059570312e+00 -2.639033198356628418e-01 -2.888017296791076660e-01 -8.196499347686767578e-01 4.184766113758087158e-01
-1.411158275604248047e+01 2.674341583251953125e+01 -6.947671413421630859e+00 -2.620561420917510986e-01 -2.901628017425537109e-01 -8.174440264701843262e-01 4.229861497879028320e-01
